0
0
0
0
0
0
0
0
0
0
0
0
0
240.477063700109
497.71384173532
634.132444630063
658.844340969938
698.91558590583
723.323331848473
767.065255948449
811.336960660561
853.760559326053
921.612957679303
964.164986107641
1022.98420462638
1105.39822706376
1149.41381324705
1223.67754543913
1300.0291781183
1365.25165641062
1469.32165310728
1550.41546397916
1622.49189771726
1716.15173260763
1777.11188204632
1867.74290776854
1994.06034153341
2061.35481020475
2211.03708537937
2287.06803434612
2317.41410539433
2423.00364327464
2412.88002776277
2253.75047693676
2038.11580274417
1896.76676665504
1652.88779305771
1514.94593211242
1374.62674737132
1218.86053910874
1191.12723469809
1086.58479015281
930.123118316679
854.650806629803
701.341782794603
763.275788044344
937.417910177439
1113.21521400868
1390.1059324084
1664.77859662872
1979.31268376126
2125.08516294631
2197.48296706998
2352.47863073345
2442.76815695183
2479.32420103127
2570.28107425774
2649.78202608436
2654.20910864714
2635.4750808018
2650.43800814084
2688.93075972502
2679.84812817031
2711.48484936397
2700.46899961183
2725.91711869083
2836.96382032147
2926.32825208412
3096.02894621681
3210.41172047871
3261.07639775685
3460.77163564716
3505.8879978095
3647.9785917812
3914.3753742519
4139.63436106455
4758.10553952688
5530.32553719986
6366.32317811945
7712.46210052938
8510.59089490037
8836.70111536736
8932.88670089906
8750.26328850862
8722.64054306944
8510.95798868689
8157.58561509974
8259.21376899822
7907.17365178362
7737.69772121539
7757.03104400279
7471.40153552086
7653.94509544754
7537.17141119049
7362.73127515274
7776.00728971874
7687.91311965462
7855.0206002603
8171.34477031295
8195.29219324428
8676.16940290056
8838.46535749004
8923.97505861249
9567.98996148533
9646.63786557894
9944.55270570469
10306.4012534518
10312.3496606163
10693.8097884197
10724.1096245311
10563.1366423722
10936.1273456591
10830.040178113
10962.2262922909
11223.5264819688
11152.0429207263
11489.5983016748
11492.3654969529
11410.172030873
11838.314758992
11708.6483791888
11772.1913224218
11949.9801252818
11868.7493730739
12185.3426546399
12156.5406879965
12083.5119339145
12518.941934442
12468.8521733102
12612.1213781856
12823.2565167655
12730.1766328825
13013.8455892203
13005.1385583113
12819.5779214137
13127.8488907867
12909.0443672286
12940.6737271637
13002.8269956581
12768.9791183867
12877.9599997261
12837.0909236132
12675.7975229763
12948.0005839043
12767.7164133383
12839.4696662005
12948.8842763399
12816.1978214518
12940.513223329
12907.5124724815
12732.8325551899
12825.7135574655
12579.999236896
12483.6537382982
12417.3792754627
12190.0866473712
12198.404446311
12108.4672870009
11921.287273999
12106.9623121846
11971.8324384742
12049.3568606086
12157.6053865814
12045.7145873324
12200.3961001527
12183.746450216
11974.1648804634
12028.4730989993
11760.7207484046
11628.7765487027
11519.1630690425
11227.1772553427
11178.2520937324
11097.8831498277
10899.4167146507
10974.1543859317
10714.7795723653
10560.2070311782
10305.2769943036
9791.47146084388
9302.02708439568
8979.10824972327
8513.82343212135
8353.13339246088
7914.81532874246
7569.42627057176
7375.94283519399
6976.95735297907
6835.51472391954
6586.64908574405
6253.66595308592
6204.42715376244
5964.17469829662
5730.82072081295
5567.36025007484
5317.96391337897
5027.1156853083
4665.55926772777
4246.32796370768
3845.47236206199
3537.12232460123
3119.32768146212
2904.76338448689
2554.54892929497
2236.81546380544
1986.97388260068
1603.57728135183
1386.76942206163
1087.15106245286
984.493322757768
1139.64577626795
1123.32856252161
1361.392548516
1536.0959386255
1628.87114501039
1846.46831803799
1870.02542259636
1918.87932091422
2054.60665254104
2123.22262176481
2312.87124250593
2549.06011063153
2667.2807395001
3015.67841940412
3051.00009491654
3158.32238715377
3348.50408050305
3347.40897621784
3502.89408230182
3606.42201705995
3628.29214758734
3864.89008284217
3846.59093274161
3937.60723946721
4110.66034062991
4138.19260412696
4309.72388767812
4388.49512673992
4421.34713998781
4594.626177886
4675.54493395476
4731.1217514282
4788.40410707337
4717.08451365722
4722.70274504136
4650.13538395734
4609.79686659639
4593.99046124701
4548.06075835552
4455.62077790987
4356.73400526819
4280.57925068003
4218.19200547291
4210.4382771439
4119.62608151071
4042.49962865753
3912.87528647316
3812.35310652723
3719.84091972567
3672.33163046858
3691.96305537037
3646.16425261565
3609.56894191779
3651.29883220315
3570.18132238427
3478.72935011523
3364.4290557916
3222.80332101155
3124.26912890122
3022.81152612205
2832.97181640131
2810.08841964894
2666.52017280735
2462.47276191153
2417.69622833476
2220.58841311964
2090.12389630716
2005.95091729127
1858.62343136068
1859.90669645194
1755.99150043729
1662.14180248603
1635.42397989988
1621.97499542745
1612.38275537887
1578.97324704744
1513.24393374542
1471.18890900881
1440.77700524562
1413.45601564285
1437.85853488806
894.661298586107
305.832814859708
0
0
0
0
0
0
0
0
0
0
0
0
0
0
0
0
0
0
0
0
0
0
0
0
0
0
0
0
0
0
